3.23310255051 0.775789362349
3.21401696197 0.76188899843
3.2070179541 0.74506263763
3.20604617454 0.745564512213
3.16140322609 0.697807391998
3.15982504364 0.698637025979
3.1079182633 0.653730853863
3.10616713126 0.654667983697
3.08833129232 0.631539780501
3.08439059123 0.626603354168
3.08920348223 0.63196572965
3.03954053461 0.605236358707
3.03792100982 0.606088993113
2.9904077093 0.585225757503
2.9559454708 0.570035710165
2.93922038867 0.578275458771
2.93757014392 0.579001268441
2.90100264142 0.570734701873
2.8983739155 0.621274908985
2.86833697968 0.626255884083
3.04674875494 1.08299630329
3.07067608979 1.18348630797
3.05503378023 1.16409880145
3.05634367665 1.16366024302
3.07012524728 1.16136651432
3.04614219936 1.1264332684
3.04678591938 1.12641231447
3.04482921684 1.1275059915
3.04384107029 1.12754063665
3.04470452125 1.12750902659
3.04359354253 1.12789768773
3.03362137727 1.13274715394
2.99487612273 1.07715012773
2.99649708196 1.07620489066
2.97476150139 1.0645705063
2.99463985136 1.05816339207
2.99404706794 1.05819837883
2.98365547356 1.05872357183
2.97283475908 1.07323198874
2.9786884487 1.05626661673
2.97952048148 1.05641476782
2.97908754994 1.05633522944
