-4.37354184355e+15
162.32190586
21.1699117962
12.5613018979
17.5755224652
23.0828103819
14.2742184726
12.3177835005
32.5456288045
50.4547992043
23.9866148224
57.4749531314
31.3989789771
9.53674863134
16.2956858093
9.30614239282
16.3080482281
23.5595042102
45.2834232171
45.0109630561
32.9057039719
27.2791656219
8.62045393784
18.8972985475
28.9069964569
6.84806505207
69.3897559211
10.0437226115
25.0085965402
19.1543476842
20.3430111181
6.19838368666
23.2326488751
35.7282445941
19.4563239879
94.1016123476
14.9264310062
19.955522282
11.0404063523
10.3455680391
19.485405715
13.1718677743
32.5866674384
13.2762304418
15.4545076089
