# started recording on March 18, 2020; includes slowdown from 3rd point
2.53086521053 0.797791839641
2.55845285822 0.748047083685
2.64584252713 0.723312668931
3.12581235849 1.38132531703
3.11131311957 1.34783195561
3.07095578786 1.2424974513
3.05638335146 1.15448329519
3.04319717156 1.12820255739
3.02288498746 1.10618663986
3.02373541696 1.10600635692
3.03182767361 1.06209893826
3.03323656293 1.0618085892
3.05464465369 1.03073699525
3.05624957718 1.03041211812
3.07806560922 1.01287771961
3.07967638575 1.01137242531
3.07749571273 1.01270098341
3.10823973396 0.976986335414
3.10976459465 0.976630815906
3.1419655432 0.943976285546
3.26719261912 0.998575019312
3.46191362311 1.57174536853
3.46350915694 1.57118986289
3.44283314992 1.35618032771
3.41426494346 1.33301450596
3.42021881814 1.30640779741
3.33627665816 1.34804159051
3.33348263501 1.3524563249
3.31929108598 1.32914583717
3.31800764461 1.32951818842
3.30629762544 1.33439383174
3.27866726454 1.29341513244
3.27817186434 1.29366178542
3.28050502039 1.29352514169
3.28126801477 1.29314603132
3.28060050824 1.29347701268
3.28170248619 1.29319410256
3.29756327067 1.29203383897
3.31197700329 1.24558316006
3.30886591279 1.24540949944
3.30826995873 1.22448096226
3.28819428379 1.22952653423
3.28867492582 1.22929489137
3.30790612609 1.2224473791
3.37084483883 1.32106000078
3.34366356048 1.30807775898
3.34308498322 1.30844222427
3.34338486455 1.30825237335
3.31810490837 1.14988733286
3.29084352796 1.10779370975
3.28987223496 1.10793230803
3.29038884727 1.10785509398
3.23841407068 1.09837461857
3.23398348045 1.10161879428
3.23338269362 1.10210596725
3.44336385583 2.03480647637
3.36096730717 1.93058607001
3.41541022292 1.98716633131
3.41483717413 1.98753414347
3.43782427141 1.98474210429
3.44767183946 1.97728250721
3.46905136394 1.93941867576
3.48206288893 1.92852793351
3.48286144343 1.92868996674
3.52054092303 1.94428837491
3.56918520888 1.9924453926
3.57083057607 1.9988880504
3.57226927195 1.99915520178
3.84057346697 2.37349099024
3.91532601298 2.4346435355
3.99253620095 2.50462280215
3.99415929413 2.5046515204
3.98427370608 2.51078709546
1.67646589876 18.3828856029
4.14239365676 2.44072411582
4.16840346208 2.41880069331
0.261279553358 0.498006763371
0.313002006235 0.807673647174
4.24013702912 2.43823189003
4.19869923622 2.42487709709
8.50954776425 3.83318578876
