-3.33066907388e-15
0.0320502162253
0.279287520398
0.616299716839
0.284148326038
0.104668650946
0.337253174074
0.550303343613
0.136049204458
0.0357261949872
0.174155767052
0.0625650287829
0.0497014554758
0.622731088051
0.251024375413
0.652797239201
0.346637078236
0.14813965521
0.0878256982655
0.098270324709
0.0617576335495
0.171742652816
0.716635553194
0.218875770243
0.112518151857
1.04775616688
0.0444584050906
0.663481649553
0.0684370051728
0.199954074391
0.230706735156
0.789856403081
0.0321951788887
-0.155326893866
0.237913650989
0.0414489869863
0.174502960808
0.267672356266
0.480451547452
0.438449689461
0.276280939042
0.304593546319
0.137420118797
0.285351863406
0.292497208187
